(kicad_pcb (version 20171130) (host pcbnew 5.1.7+dfsg1-1~bpo10+1)

  (general
    (thickness 1.6)
    (drawings 0)
    (tracks 180)
    (zones 0)
    (modules 18)
    (nets 68)
  )

  (page A4)
  (layers
    (0 F.Cu signal)
    (31 B.Cu signal)
    (32 B.Adhes user)
    (33 F.Adhes user)
    (34 B.Paste user)
    (35 F.Paste user)
    (36 B.SilkS user)
    (37 F.SilkS user)
    (38 B.Mask user)
    (39 F.Mask user)
    (40 Dwgs.User user)
    (41 Cmts.User user)
    (42 Eco1.User user)
    (43 Eco2.User user)
    (44 Edge.Cuts user)
    (45 Margin user)
    (46 B.CrtYd user)
    (47 F.CrtYd user)
    (48 B.Fab user)
    (49 F.Fab user)
  )

  (setup
    (last_trace_width 0.25)
    (trace_clearance 0.2)
    (zone_clearance 0.508)
    (zone_45_only no)
    (trace_min 0.2)
    (via_size 0.8)
    (via_drill 0.4)
    (via_min_size 0.4)
    (via_min_drill 0.3)
    (uvia_size 0.3)
    (uvia_drill 0.1)
    (uvias_allowed no)
    (uvia_min_size 0.2)
    (uvia_min_drill 0.1)
    (edge_width 0.05)
    (segment_width 0.2)
    (pcb_text_width 0.3)
    (pcb_text_size 1.5 1.5)
    (mod_edge_width 0.12)
    (mod_text_size 1 1)
    (mod_text_width 0.15)
    (pad_size 1.524 1.524)
    (pad_drill 0.762)
    (pad_to_mask_clearance 0)
    (aux_axis_origin 0 0)
    (visible_elements FFFFFF7F)
    (pcbplotparams
      (layerselection 0x010fc_ffffffff)
      (usegerberextensions false)
      (usegerberattributes true)
      (usegerberadvancedattributes true)
      (creategerberjobfile true)
      (excludeedgelayer true)
      (linewidth 0.100000)
      (plotframeref false)
      (viasonmask false)
      (mode 1)
      (useauxorigin false)
      (hpglpennumber 1)
      (hpglpenspeed 20)
      (hpglpendiameter 15.000000)
      (psnegative false)
      (psa4output false)
      (plotreference true)
      (plotvalue true)
      (plotinvisibletext false)
      (padsonsilk false)
      (subtractmaskfromsilk false)
      (outputformat 1)
      (mirror false)
      (drillshape 1)
      (scaleselection 1)
      (outputdirectory ""))
  )

  (net 0 "")
  (net 1 "Net-(D1-Pad1)")
  (net 2 VCC)
  (net 3 "Net-(D2-Pad1)")
  (net 4 "Net-(D3-Pad1)")
  (net 5 24V)
  (net 6 "Net-(C1-Pad1)")
  (net 7 VS)
  (net 8 GND)
  (net 9 EN_POWER_RAILS)
  (net 10 "Net-(C3-Pad1)")
  (net 11 EN_ADDR8@FP2800A_24V)
  (net 12 SR53_ADDR7@FP2800A_24V)
  (net 13 SR52_ADDR6@FP2800A_24V)
  (net 14 SR51_ADDR5@FP2800A_24V)
  (net 15 SR50_ADDR4@FP2800A_24V)
  (net 16 SR49_ADDR3@FP2800A_24V)
  (net 17 SR48_ADDR2@FP2800A_24V)
  (net 18 SR47_ADDR1@FP2800A_24V)
  (net 19 SR46_B1@FP2800A_24V)
  (net 20 SR45_B0@FP2800A_24V)
  (net 21 SR44_A2@FP2800A_24V)
  (net 22 SR43_A1@FP2800A_24V)
  (net 23 SR42_A0@FP2800A_24V)
  (net 24 SR41_D@FP2800A_24V)
  (net 25 SR40_ROW20_RST)
  (net 26 SR39_ROW19_RST)
  (net 27 SR38_ROW18_RST)
  (net 28 SR37_ROW17_RST)
  (net 29 SR36_ROW16_RST)
  (net 30 SR35_ROW15_RST)
  (net 31 SR34_ROW14_RST)
  (net 32 SR33_ROW13_RST)
  (net 33 SR32_ROW12_RST)
  (net 34 SR31_ROW11_RST)
  (net 35 SR30_ROW10_RST)
  (net 36 SR29_ROW9_RST)
  (net 37 SR28_ROW8_RST)
  (net 38 SR27_ROW7_RST)
  (net 39 SR26_ROW6_RST)
  (net 40 SR25_ROW5_RST)
  (net 41 SR24_ROW4_RST)
  (net 42 SR23_ROW3_RST)
  (net 43 SR22_ROW2_RST)
  (net 44 SR21_ROW1_RST)
  (net 45 SR20_ROW20_SET)
  (net 46 SR19_ROW19_SET)
  (net 47 SR18_ROW18_SET)
  (net 48 SR17_ROW17_SET)
  (net 49 SR16_ROW16_SET)
  (net 50 SR15_ROW15_SET)
  (net 51 SR14_ROW14_SET)
  (net 52 SR13_ROW13_SET)
  (net 53 SR12_ROW12_SET)
  (net 54 SR11_ROW11_SET)
  (net 55 SR10_ROW10_SET)
  (net 56 SR9_ROW9_SET)
  (net 57 SR8_ROW8_SET)
  (net 58 SR7_ROW7_SET)
  (net 59 SR6_ROW6_SET)
  (net 60 SR5_ROW5_SET)
  (net 61 SR4_ROW4_SET)
  (net 62 SR3_ROW3_SET)
  (net 63 SR2_ROW2_SET)
  (net 64 SR1_ROW1_SET)
  (net 65 OE_5V)
  (net 66 "Net-(R2-Pad1)")
  (net 67 "Net-(R5-Pad1)")

  (net_class Default "This is the default net class."
    (clearance 0.2)
    (trace_width 0.25)
    (via_dia 0.8)
    (via_drill 0.4)
    (uvia_dia 0.3)
    (uvia_drill 0.1)
    (add_net 24V)
    (add_net EN_ADDR8@FP2800A_24V)
    (add_net EN_POWER_RAILS)
    (add_net GND)
    (add_net "Net-(C1-Pad1)")
    (add_net "Net-(C3-Pad1)")
    (add_net "Net-(D1-Pad1)")
    (add_net "Net-(D2-Pad1)")
    (add_net "Net-(D3-Pad1)")
    (add_net "Net-(R2-Pad1)")
    (add_net "Net-(R5-Pad1)")
    (add_net OE_5V)
    (add_net SR10_ROW10_SET)
    (add_net SR11_ROW11_SET)
    (add_net SR12_ROW12_SET)
    (add_net SR13_ROW13_SET)
    (add_net SR14_ROW14_SET)
    (add_net SR15_ROW15_SET)
    (add_net SR16_ROW16_SET)
    (add_net SR17_ROW17_SET)
    (add_net SR18_ROW18_SET)
    (add_net SR19_ROW19_SET)
    (add_net SR1_ROW1_SET)
    (add_net SR20_ROW20_SET)
    (add_net SR21_ROW1_RST)
    (add_net SR22_ROW2_RST)
    (add_net SR23_ROW3_RST)
    (add_net SR24_ROW4_RST)
    (add_net SR25_ROW5_RST)
    (add_net SR26_ROW6_RST)
    (add_net SR27_ROW7_RST)
    (add_net SR28_ROW8_RST)
    (add_net SR29_ROW9_RST)
    (add_net SR2_ROW2_SET)
    (add_net SR30_ROW10_RST)
    (add_net SR31_ROW11_RST)
    (add_net SR32_ROW12_RST)
    (add_net SR33_ROW13_RST)
    (add_net SR34_ROW14_RST)
    (add_net SR35_ROW15_RST)
    (add_net SR36_ROW16_RST)
    (add_net SR37_ROW17_RST)
    (add_net SR38_ROW18_RST)
    (add_net SR39_ROW19_RST)
    (add_net SR3_ROW3_SET)
    (add_net SR40_ROW20_RST)
    (add_net SR41_D@FP2800A_24V)
    (add_net SR42_A0@FP2800A_24V)
    (add_net SR43_A1@FP2800A_24V)
    (add_net SR44_A2@FP2800A_24V)
    (add_net SR45_B0@FP2800A_24V)
    (add_net SR46_B1@FP2800A_24V)
    (add_net SR47_ADDR1@FP2800A_24V)
    (add_net SR48_ADDR2@FP2800A_24V)
    (add_net SR49_ADDR3@FP2800A_24V)
    (add_net SR4_ROW4_SET)
    (add_net SR50_ADDR4@FP2800A_24V)
    (add_net SR51_ADDR5@FP2800A_24V)
    (add_net SR52_ADDR6@FP2800A_24V)
    (add_net SR53_ADDR7@FP2800A_24V)
    (add_net SR5_ROW5_SET)
    (add_net SR6_ROW6_SET)
    (add_net SR7_ROW7_SET)
    (add_net SR8_ROW8_SET)
    (add_net SR9_ROW9_SET)
    (add_net VCC)
    (add_net VS)
  )

  (module LED_SMD:LED_0603_1608Metric (layer F.Cu) (tedit 5B301BBE) (tstamp 5F839E2B)
    (at 284.755001 -26.314999)
    (descr "LED SMD 0603 (1608 Metric), square (rectangular) end terminal, IPC_7351 nominal, (Body size source: http://www.tortai-tech.com/upload/download/2011102023233369053.pdf), generated with kicad-footprint-generator")
    (tags diode)
    (path /5F8A5CBC)
    (attr smd)
    (fp_text reference D1 (at 0 -1.43) (layer F.SilkS)
      (effects (font (size 1 1) (thickness 0.15)))
    )
    (fp_text value "LED C RED" (at 0 1.43) (layer F.Fab)
      (effects (font (size 1 1) (thickness 0.15)))
    )
    (fp_line (start 0.8 -0.4) (end -0.5 -0.4) (layer F.Fab) (width 0.1))
    (fp_line (start -0.5 -0.4) (end -0.8 -0.1) (layer F.Fab) (width 0.1))
    (fp_line (start -0.8 -0.1) (end -0.8 0.4) (layer F.Fab) (width 0.1))
    (fp_line (start -0.8 0.4) (end 0.8 0.4) (layer F.Fab) (width 0.1))
    (fp_line (start 0.8 0.4) (end 0.8 -0.4) (layer F.Fab) (width 0.1))
    (fp_line (start 0.8 -0.735) (end -1.485 -0.735) (layer F.SilkS) (width 0.12))
    (fp_line (start -1.485 -0.735) (end -1.485 0.735) (layer F.SilkS) (width 0.12))
    (fp_line (start -1.485 0.735) (end 0.8 0.735) (layer F.SilkS) (width 0.12))
    (fp_line (start -1.48 0.73) (end -1.48 -0.73) (layer F.CrtYd) (width 0.05))
    (fp_line (start -1.48 -0.73) (end 1.48 -0.73) (layer F.CrtYd) (width 0.05))
    (fp_line (start 1.48 -0.73) (end 1.48 0.73) (layer F.CrtYd) (width 0.05))
    (fp_line (start 1.48 0.73) (end -1.48 0.73) (layer F.CrtYd) (width 0.05))
    (fp_text user %R (at 0 0) (layer F.Fab)
      (effects (font (size 0.4 0.4) (thickness 0.06)))
    )
    (pad 1 smd roundrect (at -0.7875 0) (size 0.875 0.95) (layers F.Cu F.Paste F.Mask) (roundrect_rratio 0.25)
      (net 1 "Net-(D1-Pad1)"))
    (pad 2 smd roundrect (at 0.7875 0) (size 0.875 0.95) (layers F.Cu F.Paste F.Mask) (roundrect_rratio 0.25)
      (net 2 VCC))
    (model ${KISYS3DMOD}/LED_SMD.3dshapes/LED_0603_1608Metric.wrl
      (at (xyz 0 0 0))
      (scale (xyz 1 1 1))
      (rotate (xyz 0 0 0))
    )
  )

  (module LED_SMD:LED_0603_1608Metric (layer F.Cu) (tedit 5B301BBE) (tstamp 5F839E3E)
    (at 342.355001 -104.614999)
    (descr "LED SMD 0603 (1608 Metric), square (rectangular) end terminal, IPC_7351 nominal, (Body size source: http://www.tortai-tech.com/upload/download/2011102023233369053.pdf), generated with kicad-footprint-generator")
    (tags diode)
    (path /5F8A66F0)
    (attr smd)
    (fp_text reference D2 (at 0 -1.43) (layer F.SilkS)
      (effects (font (size 1 1) (thickness 0.15)))
    )
    (fp_text value "LED B YELLOW" (at 0 1.43) (layer F.Fab)
      (effects (font (size 1 1) (thickness 0.15)))
    )
    (fp_line (start 1.48 0.73) (end -1.48 0.73) (layer F.CrtYd) (width 0.05))
    (fp_line (start 1.48 -0.73) (end 1.48 0.73) (layer F.CrtYd) (width 0.05))
    (fp_line (start -1.48 -0.73) (end 1.48 -0.73) (layer F.CrtYd) (width 0.05))
    (fp_line (start -1.48 0.73) (end -1.48 -0.73) (layer F.CrtYd) (width 0.05))
    (fp_line (start -1.485 0.735) (end 0.8 0.735) (layer F.SilkS) (width 0.12))
    (fp_line (start -1.485 -0.735) (end -1.485 0.735) (layer F.SilkS) (width 0.12))
    (fp_line (start 0.8 -0.735) (end -1.485 -0.735) (layer F.SilkS) (width 0.12))
    (fp_line (start 0.8 0.4) (end 0.8 -0.4) (layer F.Fab) (width 0.1))
    (fp_line (start -0.8 0.4) (end 0.8 0.4) (layer F.Fab) (width 0.1))
    (fp_line (start -0.8 -0.1) (end -0.8 0.4) (layer F.Fab) (width 0.1))
    (fp_line (start -0.5 -0.4) (end -0.8 -0.1) (layer F.Fab) (width 0.1))
    (fp_line (start 0.8 -0.4) (end -0.5 -0.4) (layer F.Fab) (width 0.1))
    (fp_text user %R (at 0 0) (layer F.Fab)
      (effects (font (size 0.4 0.4) (thickness 0.06)))
    )
    (pad 2 smd roundrect (at 0.7875 0) (size 0.875 0.95) (layers F.Cu F.Paste F.Mask) (roundrect_rratio 0.25)
      (net 2 VCC))
    (pad 1 smd roundrect (at -0.7875 0) (size 0.875 0.95) (layers F.Cu F.Paste F.Mask) (roundrect_rratio 0.25)
      (net 3 "Net-(D2-Pad1)"))
    (model ${KISYS3DMOD}/LED_SMD.3dshapes/LED_0603_1608Metric.wrl
      (at (xyz 0 0 0))
      (scale (xyz 1 1 1))
      (rotate (xyz 0 0 0))
    )
  )

  (module LED_SMD:LED_0603_1608Metric (layer F.Cu) (tedit 5B301BBE) (tstamp 5F839E51)
    (at 333.055001 -97.414999)
    (descr "LED SMD 0603 (1608 Metric), square (rectangular) end terminal, IPC_7351 nominal, (Body size source: http://www.tortai-tech.com/upload/download/2011102023233369053.pdf), generated with kicad-footprint-generator")
    (tags diode)
    (path /5F8A6900)
    (attr smd)
    (fp_text reference D3 (at 0 -1.43) (layer F.SilkS)
      (effects (font (size 1 1) (thickness 0.15)))
    )
    (fp_text value "LED A GREEN" (at 0 1.43) (layer F.Fab)
      (effects (font (size 1 1) (thickness 0.15)))
    )
    (fp_line (start 0.8 -0.4) (end -0.5 -0.4) (layer F.Fab) (width 0.1))
    (fp_line (start -0.5 -0.4) (end -0.8 -0.1) (layer F.Fab) (width 0.1))
    (fp_line (start -0.8 -0.1) (end -0.8 0.4) (layer F.Fab) (width 0.1))
    (fp_line (start -0.8 0.4) (end 0.8 0.4) (layer F.Fab) (width 0.1))
    (fp_line (start 0.8 0.4) (end 0.8 -0.4) (layer F.Fab) (width 0.1))
    (fp_line (start 0.8 -0.735) (end -1.485 -0.735) (layer F.SilkS) (width 0.12))
    (fp_line (start -1.485 -0.735) (end -1.485 0.735) (layer F.SilkS) (width 0.12))
    (fp_line (start -1.485 0.735) (end 0.8 0.735) (layer F.SilkS) (width 0.12))
    (fp_line (start -1.48 0.73) (end -1.48 -0.73) (layer F.CrtYd) (width 0.05))
    (fp_line (start -1.48 -0.73) (end 1.48 -0.73) (layer F.CrtYd) (width 0.05))
    (fp_line (start 1.48 -0.73) (end 1.48 0.73) (layer F.CrtYd) (width 0.05))
    (fp_line (start 1.48 0.73) (end -1.48 0.73) (layer F.CrtYd) (width 0.05))
    (fp_text user %R (at 0 0) (layer F.Fab)
      (effects (font (size 0.4 0.4) (thickness 0.06)))
    )
    (pad 1 smd roundrect (at -0.7875 0) (size 0.875 0.95) (layers F.Cu F.Paste F.Mask) (roundrect_rratio 0.25)
      (net 4 "Net-(D3-Pad1)"))
    (pad 2 smd roundrect (at 0.7875 0) (size 0.875 0.95) (layers F.Cu F.Paste F.Mask) (roundrect_rratio 0.25)
      (net 2 VCC))
    (model ${KISYS3DMOD}/LED_SMD.3dshapes/LED_0603_1608Metric.wrl
      (at (xyz 0 0 0))
      (scale (xyz 1 1 1))
      (rotate (xyz 0 0 0))
    )
  )

  (module Connector_PinHeader_2.54mm:PinHeader_1x02_P2.54mm_Vertical (layer F.Cu) (tedit 59FED5CC) (tstamp 5F839E7F)
    (at 333.335001 -103.584999)
    (descr "Through hole straight pin header, 1x02, 2.54mm pitch, single row")
    (tags "Through hole pin header THT 1x02 2.54mm single row")
    (path /5F8DE9DE)
    (fp_text reference J6 (at 0 -2.33) (layer F.SilkS)
      (effects (font (size 1 1) (thickness 0.15)))
    )
    (fp_text value Conn_01x02_Male (at 0 4.87) (layer F.Fab)
      (effects (font (size 1 1) (thickness 0.15)))
    )
    (fp_line (start -0.635 -1.27) (end 1.27 -1.27) (layer F.Fab) (width 0.1))
    (fp_line (start 1.27 -1.27) (end 1.27 3.81) (layer F.Fab) (width 0.1))
    (fp_line (start 1.27 3.81) (end -1.27 3.81) (layer F.Fab) (width 0.1))
    (fp_line (start -1.27 3.81) (end -1.27 -0.635) (layer F.Fab) (width 0.1))
    (fp_line (start -1.27 -0.635) (end -0.635 -1.27) (layer F.Fab) (width 0.1))
    (fp_line (start -1.33 3.87) (end 1.33 3.87) (layer F.SilkS) (width 0.12))
    (fp_line (start -1.33 1.27) (end -1.33 3.87) (layer F.SilkS) (width 0.12))
    (fp_line (start 1.33 1.27) (end 1.33 3.87) (layer F.SilkS) (width 0.12))
    (fp_line (start -1.33 1.27) (end 1.33 1.27) (layer F.SilkS) (width 0.12))
    (fp_line (start -1.33 0) (end -1.33 -1.33) (layer F.SilkS) (width 0.12))
    (fp_line (start -1.33 -1.33) (end 0 -1.33) (layer F.SilkS) (width 0.12))
    (fp_line (start -1.8 -1.8) (end -1.8 4.35) (layer F.CrtYd) (width 0.05))
    (fp_line (start -1.8 4.35) (end 1.8 4.35) (layer F.CrtYd) (width 0.05))
    (fp_line (start 1.8 4.35) (end 1.8 -1.8) (layer F.CrtYd) (width 0.05))
    (fp_line (start 1.8 -1.8) (end -1.8 -1.8) (layer F.CrtYd) (width 0.05))
    (fp_text user %R (at 0 1.27 90) (layer F.Fab)
      (effects (font (size 1 1) (thickness 0.15)))
    )
    (pad 1 thru_hole rect (at 0 0) (size 1.7 1.7) (drill 1) (layers *.Cu *.Mask)
      (net 10 "Net-(C3-Pad1)"))
    (pad 2 thru_hole oval (at 0 2.54) (size 1.7 1.7) (drill 1) (layers *.Cu *.Mask)
      (net 7 VS))
    (model ${KISYS3DMOD}/Connector_PinHeader_2.54mm.3dshapes/PinHeader_1x02_P2.54mm_Vertical.wrl
      (at (xyz 0 0 0))
      (scale (xyz 1 1 1))
      (rotate (xyz 0 0 0))
    )
  )

  (module Resistor_SMD:R_0603_1608Metric (layer F.Cu) (tedit 5B301BBD) (tstamp 5F839EF8)
    (at 328.365001 -92.404999)
    (descr "Resistor SMD 0603 (1608 Metric), square (rectangular) end terminal, IPC_7351 nominal, (Body size source: http://www.tortai-tech.com/upload/download/2011102023233369053.pdf), generated with kicad-footprint-generator")
    (tags resistor)
    (path /5FA50217)
    (attr smd)
    (fp_text reference R1 (at 0 -1.43) (layer F.SilkS)
      (effects (font (size 1 1) (thickness 0.15)))
    )
    (fp_text value 10K (at 0 1.43) (layer F.Fab)
      (effects (font (size 1 1) (thickness 0.15)))
    )
    (fp_line (start -0.8 0.4) (end -0.8 -0.4) (layer F.Fab) (width 0.1))
    (fp_line (start -0.8 -0.4) (end 0.8 -0.4) (layer F.Fab) (width 0.1))
    (fp_line (start 0.8 -0.4) (end 0.8 0.4) (layer F.Fab) (width 0.1))
    (fp_line (start 0.8 0.4) (end -0.8 0.4) (layer F.Fab) (width 0.1))
    (fp_line (start -0.162779 -0.51) (end 0.162779 -0.51) (layer F.SilkS) (width 0.12))
    (fp_line (start -0.162779 0.51) (end 0.162779 0.51) (layer F.SilkS) (width 0.12))
    (fp_line (start -1.48 0.73) (end -1.48 -0.73) (layer F.CrtYd) (width 0.05))
    (fp_line (start -1.48 -0.73) (end 1.48 -0.73) (layer F.CrtYd) (width 0.05))
    (fp_line (start 1.48 -0.73) (end 1.48 0.73) (layer F.CrtYd) (width 0.05))
    (fp_line (start 1.48 0.73) (end -1.48 0.73) (layer F.CrtYd) (width 0.05))
    (fp_text user %R (at 0 0) (layer F.Fab)
      (effects (font (size 0.4 0.4) (thickness 0.06)))
    )
    (pad 1 smd roundrect (at -0.7875 0) (size 0.875 0.95) (layers F.Cu F.Paste F.Mask) (roundrect_rratio 0.25)
      (net 2 VCC))
    (pad 2 smd roundrect (at 0.7875 0) (size 0.875 0.95) (layers F.Cu F.Paste F.Mask) (roundrect_rratio 0.25)
      (net 65 OE_5V))
    (model ${KISYS3DMOD}/Resistor_SMD.3dshapes/R_0603_1608Metric.wrl
      (at (xyz 0 0 0))
      (scale (xyz 1 1 1))
      (rotate (xyz 0 0 0))
    )
  )

  (module Resistor_SMD:R_0603_1608Metric (layer F.Cu) (tedit 5B301BBD) (tstamp 5F839F09)
    (at 291.915001 -76.604999)
    (descr "Resistor SMD 0603 (1608 Metric), square (rectangular) end terminal, IPC_7351 nominal, (Body size source: http://www.tortai-tech.com/upload/download/2011102023233369053.pdf), generated with kicad-footprint-generator")
    (tags resistor)
    (path /5F7917AD)
    (attr smd)
    (fp_text reference R2 (at 0 -1.43) (layer F.SilkS)
      (effects (font (size 1 1) (thickness 0.15)))
    )
    (fp_text value 470K (at 0 1.43) (layer F.Fab)
      (effects (font (size 1 1) (thickness 0.15)))
    )
    (fp_line (start -0.8 0.4) (end -0.8 -0.4) (layer F.Fab) (width 0.1))
    (fp_line (start -0.8 -0.4) (end 0.8 -0.4) (layer F.Fab) (width 0.1))
    (fp_line (start 0.8 -0.4) (end 0.8 0.4) (layer F.Fab) (width 0.1))
    (fp_line (start 0.8 0.4) (end -0.8 0.4) (layer F.Fab) (width 0.1))
    (fp_line (start -0.162779 -0.51) (end 0.162779 -0.51) (layer F.SilkS) (width 0.12))
    (fp_line (start -0.162779 0.51) (end 0.162779 0.51) (layer F.SilkS) (width 0.12))
    (fp_line (start -1.48 0.73) (end -1.48 -0.73) (layer F.CrtYd) (width 0.05))
    (fp_line (start -1.48 -0.73) (end 1.48 -0.73) (layer F.CrtYd) (width 0.05))
    (fp_line (start 1.48 -0.73) (end 1.48 0.73) (layer F.CrtYd) (width 0.05))
    (fp_line (start 1.48 0.73) (end -1.48 0.73) (layer F.CrtYd) (width 0.05))
    (fp_text user %R (at 0 0) (layer F.Fab)
      (effects (font (size 0.4 0.4) (thickness 0.06)))
    )
    (pad 1 smd roundrect (at -0.7875 0) (size 0.875 0.95) (layers F.Cu F.Paste F.Mask) (roundrect_rratio 0.25)
      (net 66 "Net-(R2-Pad1)"))
    (pad 2 smd roundrect (at 0.7875 0) (size 0.875 0.95) (layers F.Cu F.Paste F.Mask) (roundrect_rratio 0.25)
      (net 8 GND))
    (model ${KISYS3DMOD}/Resistor_SMD.3dshapes/R_0603_1608Metric.wrl
      (at (xyz 0 0 0))
      (scale (xyz 1 1 1))
      (rotate (xyz 0 0 0))
    )
  )

  (module Resistor_SMD:R_0603_1608Metric (layer F.Cu) (tedit 5B301BBD) (tstamp 5F839F1A)
    (at 295.925001 -76.604999)
    (descr "Resistor SMD 0603 (1608 Metric), square (rectangular) end terminal, IPC_7351 nominal, (Body size source: http://www.tortai-tech.com/upload/download/2011102023233369053.pdf), generated with kicad-footprint-generator")
    (tags resistor)
    (path /5F8A7212)
    (attr smd)
    (fp_text reference R3 (at 0 -1.43) (layer F.SilkS)
      (effects (font (size 1 1) (thickness 0.15)))
    )
    (fp_text value 180 (at 0 1.43) (layer F.Fab)
      (effects (font (size 1 1) (thickness 0.15)))
    )
    (fp_line (start 1.48 0.73) (end -1.48 0.73) (layer F.CrtYd) (width 0.05))
    (fp_line (start 1.48 -0.73) (end 1.48 0.73) (layer F.CrtYd) (width 0.05))
    (fp_line (start -1.48 -0.73) (end 1.48 -0.73) (layer F.CrtYd) (width 0.05))
    (fp_line (start -1.48 0.73) (end -1.48 -0.73) (layer F.CrtYd) (width 0.05))
    (fp_line (start -0.162779 0.51) (end 0.162779 0.51) (layer F.SilkS) (width 0.12))
    (fp_line (start -0.162779 -0.51) (end 0.162779 -0.51) (layer F.SilkS) (width 0.12))
    (fp_line (start 0.8 0.4) (end -0.8 0.4) (layer F.Fab) (width 0.1))
    (fp_line (start 0.8 -0.4) (end 0.8 0.4) (layer F.Fab) (width 0.1))
    (fp_line (start -0.8 -0.4) (end 0.8 -0.4) (layer F.Fab) (width 0.1))
    (fp_line (start -0.8 0.4) (end -0.8 -0.4) (layer F.Fab) (width 0.1))
    (fp_text user %R (at 0 0) (layer F.Fab)
      (effects (font (size 0.4 0.4) (thickness 0.06)))
    )
    (pad 2 smd roundrect (at 0.7875 0) (size 0.875 0.95) (layers F.Cu F.Paste F.Mask) (roundrect_rratio 0.25)
      (net 1 "Net-(D1-Pad1)"))
    (pad 1 smd roundrect (at -0.7875 0) (size 0.875 0.95) (layers F.Cu F.Paste F.Mask) (roundrect_rratio 0.25))
    (model ${KISYS3DMOD}/Resistor_SMD.3dshapes/R_0603_1608Metric.wrl
      (at (xyz 0 0 0))
      (scale (xyz 1 1 1))
      (rotate (xyz 0 0 0))
    )
  )

  (module Resistor_SMD:R_0603_1608Metric (layer F.Cu) (tedit 5B301BBD) (tstamp 5F839F2B)
    (at 299.935001 -76.604999)
    (descr "Resistor SMD 0603 (1608 Metric), square (rectangular) end terminal, IPC_7351 nominal, (Body size source: http://www.tortai-tech.com/upload/download/2011102023233369053.pdf), generated with kicad-footprint-generator")
    (tags resistor)
    (path /5F8ADE83)
    (attr smd)
    (fp_text reference R4 (at 0 -1.43) (layer F.SilkS)
      (effects (font (size 1 1) (thickness 0.15)))
    )
    (fp_text value 150 (at 0 1.43) (layer F.Fab)
      (effects (font (size 1 1) (thickness 0.15)))
    )
    (fp_line (start -0.8 0.4) (end -0.8 -0.4) (layer F.Fab) (width 0.1))
    (fp_line (start -0.8 -0.4) (end 0.8 -0.4) (layer F.Fab) (width 0.1))
    (fp_line (start 0.8 -0.4) (end 0.8 0.4) (layer F.Fab) (width 0.1))
    (fp_line (start 0.8 0.4) (end -0.8 0.4) (layer F.Fab) (width 0.1))
    (fp_line (start -0.162779 -0.51) (end 0.162779 -0.51) (layer F.SilkS) (width 0.12))
    (fp_line (start -0.162779 0.51) (end 0.162779 0.51) (layer F.SilkS) (width 0.12))
    (fp_line (start -1.48 0.73) (end -1.48 -0.73) (layer F.CrtYd) (width 0.05))
    (fp_line (start -1.48 -0.73) (end 1.48 -0.73) (layer F.CrtYd) (width 0.05))
    (fp_line (start 1.48 -0.73) (end 1.48 0.73) (layer F.CrtYd) (width 0.05))
    (fp_line (start 1.48 0.73) (end -1.48 0.73) (layer F.CrtYd) (width 0.05))
    (fp_text user %R (at 0 0) (layer F.Fab)
      (effects (font (size 0.4 0.4) (thickness 0.06)))
    )
    (pad 1 smd roundrect (at -0.7875 0) (size 0.875 0.95) (layers F.Cu F.Paste F.Mask) (roundrect_rratio 0.25))
    (pad 2 smd roundrect (at 0.7875 0) (size 0.875 0.95) (layers F.Cu F.Paste F.Mask) (roundrect_rratio 0.25)
      (net 3 "Net-(D2-Pad1)"))
    (model ${KISYS3DMOD}/Resistor_SMD.3dshapes/R_0603_1608Metric.wrl
      (at (xyz 0 0 0))
      (scale (xyz 1 1 1))
      (rotate (xyz 0 0 0))
    )
  )

  (module Resistor_SMD:R_0603_1608Metric (layer F.Cu) (tedit 5B301BBD) (tstamp 5F839F3C)
    (at 303.945001 -76.604999)
    (descr "Resistor SMD 0603 (1608 Metric), square (rectangular) end terminal, IPC_7351 nominal, (Body size source: http://www.tortai-tech.com/upload/download/2011102023233369053.pdf), generated with kicad-footprint-generator")
    (tags resistor)
    (path /5F79B81A)
    (attr smd)
    (fp_text reference R5 (at 0 -1.43) (layer F.SilkS)
      (effects (font (size 1 1) (thickness 0.15)))
    )
    (fp_text value 100K (at 0 1.43) (layer F.Fab)
      (effects (font (size 1 1) (thickness 0.15)))
    )
    (fp_line (start 1.48 0.73) (end -1.48 0.73) (layer F.CrtYd) (width 0.05))
    (fp_line (start 1.48 -0.73) (end 1.48 0.73) (layer F.CrtYd) (width 0.05))
    (fp_line (start -1.48 -0.73) (end 1.48 -0.73) (layer F.CrtYd) (width 0.05))
    (fp_line (start -1.48 0.73) (end -1.48 -0.73) (layer F.CrtYd) (width 0.05))
    (fp_line (start -0.162779 0.51) (end 0.162779 0.51) (layer F.SilkS) (width 0.12))
    (fp_line (start -0.162779 -0.51) (end 0.162779 -0.51) (layer F.SilkS) (width 0.12))
    (fp_line (start 0.8 0.4) (end -0.8 0.4) (layer F.Fab) (width 0.1))
    (fp_line (start 0.8 -0.4) (end 0.8 0.4) (layer F.Fab) (width 0.1))
    (fp_line (start -0.8 -0.4) (end 0.8 -0.4) (layer F.Fab) (width 0.1))
    (fp_line (start -0.8 0.4) (end -0.8 -0.4) (layer F.Fab) (width 0.1))
    (fp_text user %R (at 0 0) (layer F.Fab)
      (effects (font (size 0.4 0.4) (thickness 0.06)))
    )
    (pad 2 smd roundrect (at 0.7875 0) (size 0.875 0.95) (layers F.Cu F.Paste F.Mask) (roundrect_rratio 0.25)
      (net 6 "Net-(C1-Pad1)"))
    (pad 1 smd roundrect (at -0.7875 0) (size 0.875 0.95) (layers F.Cu F.Paste F.Mask) (roundrect_rratio 0.25)
      (net 67 "Net-(R5-Pad1)"))
    (model ${KISYS3DMOD}/Resistor_SMD.3dshapes/R_0603_1608Metric.wrl
      (at (xyz 0 0 0))
      (scale (xyz 1 1 1))
      (rotate (xyz 0 0 0))
    )
  )

  (module Resistor_SMD:R_0603_1608Metric (layer F.Cu) (tedit 5B301BBD) (tstamp 5F839F4D)
    (at 307.955001 -76.604999)
    (descr "Resistor SMD 0603 (1608 Metric), square (rectangular) end terminal, IPC_7351 nominal, (Body size source: http://www.tortai-tech.com/upload/download/2011102023233369053.pdf), generated with kicad-footprint-generator")
    (tags resistor)
    (path /5F8AE2E8)
    (attr smd)
    (fp_text reference R6 (at 0 -1.43) (layer F.SilkS)
      (effects (font (size 1 1) (thickness 0.15)))
    )
    (fp_text value 120 (at 0 1.43) (layer F.Fab)
      (effects (font (size 1 1) (thickness 0.15)))
    )
    (fp_line (start 1.48 0.73) (end -1.48 0.73) (layer F.CrtYd) (width 0.05))
    (fp_line (start 1.48 -0.73) (end 1.48 0.73) (layer F.CrtYd) (width 0.05))
    (fp_line (start -1.48 -0.73) (end 1.48 -0.73) (layer F.CrtYd) (width 0.05))
    (fp_line (start -1.48 0.73) (end -1.48 -0.73) (layer F.CrtYd) (width 0.05))
    (fp_line (start -0.162779 0.51) (end 0.162779 0.51) (layer F.SilkS) (width 0.12))
    (fp_line (start -0.162779 -0.51) (end 0.162779 -0.51) (layer F.SilkS) (width 0.12))
    (fp_line (start 0.8 0.4) (end -0.8 0.4) (layer F.Fab) (width 0.1))
    (fp_line (start 0.8 -0.4) (end 0.8 0.4) (layer F.Fab) (width 0.1))
    (fp_line (start -0.8 -0.4) (end 0.8 -0.4) (layer F.Fab) (width 0.1))
    (fp_line (start -0.8 0.4) (end -0.8 -0.4) (layer F.Fab) (width 0.1))
    (fp_text user %R (at 0 0) (layer F.Fab)
      (effects (font (size 0.4 0.4) (thickness 0.06)))
    )
    (pad 2 smd roundrect (at 0.7875 0) (size 0.875 0.95) (layers F.Cu F.Paste F.Mask) (roundrect_rratio 0.25)
      (net 4 "Net-(D3-Pad1)"))
    (pad 1 smd roundrect (at -0.7875 0) (size 0.875 0.95) (layers F.Cu F.Paste F.Mask) (roundrect_rratio 0.25))
    (model ${KISYS3DMOD}/Resistor_SMD.3dshapes/R_0603_1608Metric.wrl
      (at (xyz 0 0 0))
      (scale (xyz 1 1 1))
      (rotate (xyz 0 0 0))
    )
  )

  (module Resistor_SMD:R_0603_1608Metric (layer F.Cu) (tedit 5B301BBD) (tstamp 5F839F5E)
    (at 311.965001 -76.604999)
    (descr "Resistor SMD 0603 (1608 Metric), square (rectangular) end terminal, IPC_7351 nominal, (Body size source: http://www.tortai-tech.com/upload/download/2011102023233369053.pdf), generated with kicad-footprint-generator")
    (tags resistor)
    (path /64046BDD)
    (attr smd)
    (fp_text reference R7 (at 0 -1.43) (layer F.SilkS)
      (effects (font (size 1 1) (thickness 0.15)))
    )
    (fp_text value 10K (at 0 1.43) (layer F.Fab)
      (effects (font (size 1 1) (thickness 0.15)))
    )
    (fp_line (start -0.8 0.4) (end -0.8 -0.4) (layer F.Fab) (width 0.1))
    (fp_line (start -0.8 -0.4) (end 0.8 -0.4) (layer F.Fab) (width 0.1))
    (fp_line (start 0.8 -0.4) (end 0.8 0.4) (layer F.Fab) (width 0.1))
    (fp_line (start 0.8 0.4) (end -0.8 0.4) (layer F.Fab) (width 0.1))
    (fp_line (start -0.162779 -0.51) (end 0.162779 -0.51) (layer F.SilkS) (width 0.12))
    (fp_line (start -0.162779 0.51) (end 0.162779 0.51) (layer F.SilkS) (width 0.12))
    (fp_line (start -1.48 0.73) (end -1.48 -0.73) (layer F.CrtYd) (width 0.05))
    (fp_line (start -1.48 -0.73) (end 1.48 -0.73) (layer F.CrtYd) (width 0.05))
    (fp_line (start 1.48 -0.73) (end 1.48 0.73) (layer F.CrtYd) (width 0.05))
    (fp_line (start 1.48 0.73) (end -1.48 0.73) (layer F.CrtYd) (width 0.05))
    (fp_text user %R (at 0 0) (layer F.Fab)
      (effects (font (size 0.4 0.4) (thickness 0.06)))
    )
    (pad 1 smd roundrect (at -0.7875 0) (size 0.875 0.95) (layers F.Cu F.Paste F.Mask) (roundrect_rratio 0.25))
    (pad 2 smd roundrect (at 0.7875 0) (size 0.875 0.95) (layers F.Cu F.Paste F.Mask) (roundrect_rratio 0.25)
      (net 9 EN_POWER_RAILS))
    (model ${KISYS3DMOD}/Resistor_SMD.3dshapes/R_0603_1608Metric.wrl
      (at (xyz 0 0 0))
      (scale (xyz 1 1 1))
      (rotate (xyz 0 0 0))
    )
  )

  (module Resistor_SMD:R_0603_1608Metric (layer F.Cu) (tedit 5B301BBD) (tstamp 5F839F6F)
    (at 291.915001 -74.094999)
    (descr "Resistor SMD 0603 (1608 Metric), square (rectangular) end terminal, IPC_7351 nominal, (Body size source: http://www.tortai-tech.com/upload/download/2011102023233369053.pdf), generated with kicad-footprint-generator")
    (tags resistor)
    (path /60B06F32)
    (attr smd)
    (fp_text reference R8 (at 0 -1.43) (layer F.SilkS)
      (effects (font (size 1 1) (thickness 0.15)))
    )
    (fp_text value 10K (at 0 1.43) (layer F.Fab)
      (effects (font (size 1 1) (thickness 0.15)))
    )
    (fp_line (start 1.48 0.73) (end -1.48 0.73) (layer F.CrtYd) (width 0.05))
    (fp_line (start 1.48 -0.73) (end 1.48 0.73) (layer F.CrtYd) (width 0.05))
    (fp_line (start -1.48 -0.73) (end 1.48 -0.73) (layer F.CrtYd) (width 0.05))
    (fp_line (start -1.48 0.73) (end -1.48 -0.73) (layer F.CrtYd) (width 0.05))
    (fp_line (start -0.162779 0.51) (end 0.162779 0.51) (layer F.SilkS) (width 0.12))
    (fp_line (start -0.162779 -0.51) (end 0.162779 -0.51) (layer F.SilkS) (width 0.12))
    (fp_line (start 0.8 0.4) (end -0.8 0.4) (layer F.Fab) (width 0.1))
    (fp_line (start 0.8 -0.4) (end 0.8 0.4) (layer F.Fab) (width 0.1))
    (fp_line (start -0.8 -0.4) (end 0.8 -0.4) (layer F.Fab) (width 0.1))
    (fp_line (start -0.8 0.4) (end -0.8 -0.4) (layer F.Fab) (width 0.1))
    (fp_text user %R (at 0 0) (layer F.Fab)
      (effects (font (size 0.4 0.4) (thickness 0.06)))
    )
    (pad 2 smd roundrect (at 0.7875 0) (size 0.875 0.95) (layers F.Cu F.Paste F.Mask) (roundrect_rratio 0.25))
    (pad 1 smd roundrect (at -0.7875 0) (size 0.875 0.95) (layers F.Cu F.Paste F.Mask) (roundrect_rratio 0.25)
      (net 2 VCC))
    (model ${KISYS3DMOD}/Resistor_SMD.3dshapes/R_0603_1608Metric.wrl
      (at (xyz 0 0 0))
      (scale (xyz 1 1 1))
      (rotate (xyz 0 0 0))
    )
  )

  (module wemos:wemos-d1-mini-with-pin-header-and-connector (layer F.Cu) (tedit 5EC77306) (tstamp 5F839F9A)
    (at 308.895001 -91.882975)
    (path /5F832564)
    (fp_text reference U1 (at -19.3 0 90) (layer F.SilkS)
      (effects (font (size 1 1) (thickness 0.15)))
    )
    (fp_text value 74HC595 (at 0 0) (layer F.Fab)
      (effects (font (size 1 1) (thickness 0.15)))
    )
    (fp_line (start -18.3 13.33) (end 14.78 13.33) (layer F.SilkS) (width 0.15))
    (fp_line (start 16.78 11.33) (end 16.78 -11.33) (layer F.SilkS) (width 0.15))
    (fp_line (start 14.78 -13.33) (end -11.3 -13.33) (layer F.SilkS) (width 0.15))
    (fp_line (start -18.3 -11.18) (end -18.3 -3.32) (layer F.SilkS) (width 0.15))
    (fp_line (start -18.3 -3.32) (end -17.3 -3.32) (layer F.SilkS) (width 0.15))
    (fp_line (start -17.3 -3.32) (end -17.3 4.9) (layer F.SilkS) (width 0.15))
    (fp_line (start -17.3 4.9) (end -18.3 4.9) (layer F.SilkS) (width 0.15))
    (fp_line (start -18.3 4.9) (end -18.3 13.329999) (layer F.SilkS) (width 0.15))
    (fp_line (start -11.48 -13.5) (end 14.85 -13.5) (layer F.CrtYd) (width 0.05))
    (fp_line (start 16.94 -11.5) (end 16.94 11.5) (layer F.CrtYd) (width 0.05))
    (fp_line (start 14.94 13.5) (end -18.46 13.5) (layer F.CrtYd) (width 0.05))
    (fp_line (start -18.46 13.5) (end -18.46 -11.33) (layer F.CrtYd) (width 0.05))
    (fp_line (start -18.3 -11.18) (end -12.3 -11.18) (layer F.SilkS) (width 0.15))
    (fp_line (start -11.3 -12.17) (end -11.3 -13.33) (layer F.SilkS) (width 0.15))
    (fp_line (start -11.3 -13.33) (end -11.3 -13.33) (layer F.SilkS) (width 0.15))
    (fp_line (start -11.48 -13.5) (end -11.48 -12.33) (layer F.CrtYd) (width 0.05))
    (fp_line (start -18.46 -11.33) (end -12.48 -11.33) (layer F.CrtYd) (width 0.05))
    (fp_arc (start 14.78 -11.33) (end 14.78 -13.33) (angle 90) (layer F.SilkS) (width 0.15))
    (fp_arc (start 14.78 11.33) (end 16.78 11.33) (angle 90) (layer F.SilkS) (width 0.15))
    (fp_arc (start 14.94 11.5) (end 16.94 11.5) (angle 90) (layer F.CrtYd) (width 0.05))
    (fp_arc (start 14.94 -11.5) (end 14.85 -13.5) (angle 92.57657183) (layer F.CrtYd) (width 0.05))
    (fp_arc (start -12.3 -12.18) (end -11.3 -12.18) (angle 90) (layer F.SilkS) (width 0.15))
    (fp_arc (start -12.48 -12.33) (end -11.48 -12.33) (angle 90) (layer F.CrtYd) (width 0.05))
    (pad 8 thru_hole circle (at -8.89 -11.43) (size 1.8 1.8) (drill 1.016) (layers *.Cu *.Mask)
      (net 8 GND))
    (pad 9 thru_hole circle (at -8.89 11.43) (size 1.8 1.8) (drill 1.016) (layers *.Cu *.Mask))
    (pad 7 thru_hole circle (at -6.35 -11.43) (size 1.8 1.8) (drill 1.016) (layers *.Cu *.Mask))
    (pad 10 thru_hole circle (at -6.35 11.43) (size 1.8 1.8) (drill 1.016) (layers *.Cu *.Mask))
    (pad 6 thru_hole circle (at -3.81 -11.43 90) (size 1.8 1.8) (drill 1.016) (layers *.Cu *.Mask))
    (pad 11 thru_hole circle (at -3.81 11.43) (size 1.8 1.8) (drill 1.016) (layers *.Cu *.Mask))
    (pad 5 thru_hole circle (at -1.27 -11.43) (size 1.8 1.8) (drill 1.016) (layers *.Cu *.Mask))
    (pad 12 thru_hole circle (at -1.27 11.43) (size 1.8 1.8) (drill 1.016) (layers *.Cu *.Mask))
    (pad 4 thru_hole circle (at 1.27 -11.43) (size 1.8 1.8) (drill 1.016) (layers *.Cu *.Mask))
    (pad 13 thru_hole circle (at 1.27 11.43) (size 1.8 1.8) (drill 1.016) (layers *.Cu *.Mask)
      (net 65 OE_5V))
    (pad 3 thru_hole circle (at 3.81 -11.43) (size 1.8 1.8) (drill 1.016) (layers *.Cu *.Mask))
    (pad 14 thru_hole circle (at 3.81 11.43) (size 1.8 1.8) (drill 1.016) (layers *.Cu *.Mask))
    (pad 2 thru_hole circle (at 6.35 -11.43) (size 1.8 1.8) (drill 1.016) (layers *.Cu *.Mask))
    (pad 15 thru_hole circle (at 6.35 11.43) (size 1.8 1.8) (drill 1.016) (layers *.Cu *.Mask))
    (pad 1 thru_hole circle (at 8.89 -11.43) (size 1.8 1.8) (drill 1.016) (layers *.Cu *.Mask))
    (pad 16 thru_hole circle (at 8.89 11.43) (size 1.8 1.8) (drill 1.016) (layers *.Cu *.Mask)
      (net 2 VCC))
    (model ${KISYS3DMOD}/wemos_d1_mini.3dshapes/d1_mini_shield.wrl
      (offset (xyz -17.89999973116897 -12.79999980776329 8.39999987384466))
      (scale (xyz 0.3937 0.3937 0.3937))
      (rotate (xyz 0 180 90))
    )
    (model ${KISYS3DMOD}/wemos_d1_mini.3dshapes/SLW-108-01-G-S.wrl
      (offset (xyz 0 -11.39999982878918 0))
      (scale (xyz 0.3937 0.3937 0.3937))
      (rotate (xyz -90 0 0))
    )
    (model ${KISYS3DMOD}/wemos_d1_mini.3dshapes/SLW-108-01-G-S.wrl
      (offset (xyz 0 11.39999982878918 0))
      (scale (xyz 0.3937 0.3937 0.3937))
      (rotate (xyz -90 0 0))
    )
    (model ${KISYS3DMOD}/wemos_d1_mini.3dshapes/TSW-108-05-G-S.wrl
      (offset (xyz 0 -11.39999982878918 7.299999890364999))
      (scale (xyz 0.3937 0.3937 0.3937))
      (rotate (xyz 90 0 0))
    )
    (model ${KISYS3DMOD}/wemos_d1_mini.3dshapes/TSW-108-05-G-S.wrl
      (offset (xyz 0 11.39999982878918 7.299999890364999))
      (scale (xyz 0.3937 0.3937 0.3937))
      (rotate (xyz 90 0 0))
    )
  )

  (module Connector_PinHeader_2.54mm:PinHeader_1x02_P2.54mm_Vertical (layer F.Cu) (tedit 59FED5CC) (tstamp 5F84540B)
    (at 328.685001 -103.584999)
    (descr "Through hole straight pin header, 1x02, 2.54mm pitch, single row")
    (tags "Through hole pin header THT 1x02 2.54mm single row")
    (path /5F88A9DD)
    (fp_text reference J5 (at 0 -2.33) (layer F.SilkS)
      (effects (font (size 1 1) (thickness 0.15)))
    )
    (fp_text value Conn_01x02_Male (at 0 4.87) (layer F.Fab)
      (effects (font (size 1 1) (thickness 0.15)))
    )
    (fp_line (start 1.8 -1.8) (end -1.8 -1.8) (layer F.CrtYd) (width 0.05))
    (fp_line (start 1.8 4.35) (end 1.8 -1.8) (layer F.CrtYd) (width 0.05))
    (fp_line (start -1.8 4.35) (end 1.8 4.35) (layer F.CrtYd) (width 0.05))
    (fp_line (start -1.8 -1.8) (end -1.8 4.35) (layer F.CrtYd) (width 0.05))
    (fp_line (start -1.33 -1.33) (end 0 -1.33) (layer F.SilkS) (width 0.12))
    (fp_line (start -1.33 0) (end -1.33 -1.33) (layer F.SilkS) (width 0.12))
    (fp_line (start -1.33 1.27) (end 1.33 1.27) (layer F.SilkS) (width 0.12))
    (fp_line (start 1.33 1.27) (end 1.33 3.87) (layer F.SilkS) (width 0.12))
    (fp_line (start -1.33 1.27) (end -1.33 3.87) (layer F.SilkS) (width 0.12))
    (fp_line (start -1.33 3.87) (end 1.33 3.87) (layer F.SilkS) (width 0.12))
    (fp_line (start -1.27 -0.635) (end -0.635 -1.27) (layer F.Fab) (width 0.1))
    (fp_line (start -1.27 3.81) (end -1.27 -0.635) (layer F.Fab) (width 0.1))
    (fp_line (start 1.27 3.81) (end -1.27 3.81) (layer F.Fab) (width 0.1))
    (fp_line (start 1.27 -1.27) (end 1.27 3.81) (layer F.Fab) (width 0.1))
    (fp_line (start -0.635 -1.27) (end 1.27 -1.27) (layer F.Fab) (width 0.1))
    (fp_text user %R (at 0 1.27 90) (layer F.Fab)
      (effects (font (size 1 1) (thickness 0.15)))
    )
    (pad 1 thru_hole rect (at 0 0) (size 1.7 1.7) (drill 1) (layers *.Cu *.Mask)
      (net 5 24V))
    (pad 2 thru_hole oval (at 0 2.54) (size 1.7 1.7) (drill 1) (layers *.Cu *.Mask)
      (net 6 "Net-(C1-Pad1)"))
    (model ${KISYS3DMOD}/Connector_PinHeader_2.54mm.3dshapes/PinHeader_1x02_P2.54mm_Vertical.wrl
      (at (xyz 0 0 0))
      (scale (xyz 1 1 1))
      (rotate (xyz 0 0 0))
    )
  )

  (module Connector_PinHeader_2.54mm:PinHeader_2x30_P2.54mm_Vertical (layer F.Cu) (tedit 59FED5CC) (tstamp 5F845420)
    (at 337.985001 -103.584999)
    (descr "Through hole straight pin header, 2x30, 2.54mm pitch, double rows")
    (tags "Through hole pin header THT 2x30 2.54mm double row")
    (path /5FBEA90B)
    (fp_text reference J7 (at 1.27 -2.33) (layer F.SilkS)
      (effects (font (size 1 1) (thickness 0.15)))
    )
    (fp_text value Conn_02x30_Odd_Even (at 1.27 75.99) (layer F.Fab)
      (effects (font (size 1 1) (thickness 0.15)))
    )
    (fp_text user %R (at 1.27 36.83 90) (layer F.Fab)
      (effects (font (size 1 1) (thickness 0.15)))
    )
    (fp_line (start 0 -1.27) (end 3.81 -1.27) (layer F.Fab) (width 0.1))
    (fp_line (start 3.81 -1.27) (end 3.81 74.93) (layer F.Fab) (width 0.1))
    (fp_line (start 3.81 74.93) (end -1.27 74.93) (layer F.Fab) (width 0.1))
    (fp_line (start -1.27 74.93) (end -1.27 0) (layer F.Fab) (width 0.1))
    (fp_line (start -1.27 0) (end 0 -1.27) (layer F.Fab) (width 0.1))
    (fp_line (start -1.33 74.99) (end 3.87 74.99) (layer F.SilkS) (width 0.12))
    (fp_line (start -1.33 1.27) (end -1.33 74.99) (layer F.SilkS) (width 0.12))
    (fp_line (start 3.87 -1.33) (end 3.87 74.99) (layer F.SilkS) (width 0.12))
    (fp_line (start -1.33 1.27) (end 1.27 1.27) (layer F.SilkS) (width 0.12))
    (fp_line (start 1.27 1.27) (end 1.27 -1.33) (layer F.SilkS) (width 0.12))
    (fp_line (start 1.27 -1.33) (end 3.87 -1.33) (layer F.SilkS) (width 0.12))
    (fp_line (start -1.33 0) (end -1.33 -1.33) (layer F.SilkS) (width 0.12))
    (fp_line (start -1.33 -1.33) (end 0 -1.33) (layer F.SilkS) (width 0.12))
    (fp_line (start -1.8 -1.8) (end -1.8 75.45) (layer F.CrtYd) (width 0.05))
    (fp_line (start -1.8 75.45) (end 4.35 75.45) (layer F.CrtYd) (width 0.05))
    (fp_line (start 4.35 75.45) (end 4.35 -1.8) (layer F.CrtYd) (width 0.05))
    (fp_line (start 4.35 -1.8) (end -1.8 -1.8) (layer F.CrtYd) (width 0.05))
    (pad 60 thru_hole oval (at 2.54 73.66) (size 1.7 1.7) (drill 1) (layers *.Cu *.Mask)
      (net 11 EN_ADDR8@FP2800A_24V))
    (pad 59 thru_hole oval (at 0 73.66) (size 1.7 1.7) (drill 1) (layers *.Cu *.Mask)
      (net 12 SR53_ADDR7@FP2800A_24V))
    (pad 58 thru_hole oval (at 2.54 71.12) (size 1.7 1.7) (drill 1) (layers *.Cu *.Mask)
      (net 13 SR52_ADDR6@FP2800A_24V))
    (pad 57 thru_hole oval (at 0 71.12) (size 1.7 1.7) (drill 1) (layers *.Cu *.Mask)
      (net 14 SR51_ADDR5@FP2800A_24V))
    (pad 56 thru_hole oval (at 2.54 68.58) (size 1.7 1.7) (drill 1) (layers *.Cu *.Mask)
      (net 15 SR50_ADDR4@FP2800A_24V))
    (pad 55 thru_hole oval (at 0 68.58) (size 1.7 1.7) (drill 1) (layers *.Cu *.Mask)
      (net 16 SR49_ADDR3@FP2800A_24V))
    (pad 54 thru_hole oval (at 2.54 66.04) (size 1.7 1.7) (drill 1) (layers *.Cu *.Mask)
      (net 17 SR48_ADDR2@FP2800A_24V))
    (pad 53 thru_hole oval (at 0 66.04) (size 1.7 1.7) (drill 1) (layers *.Cu *.Mask)
      (net 18 SR47_ADDR1@FP2800A_24V))
    (pad 52 thru_hole oval (at 2.54 63.5) (size 1.7 1.7) (drill 1) (layers *.Cu *.Mask)
      (net 19 SR46_B1@FP2800A_24V))
